80
76
75
79
76
79
76
80
76
75
74
74
65
64
65
76
72
69
65
74
65
64
67
72
69
68
67
64
60
59

80
84
83
82
83
82
81
89
79
74
65
67
72
76
75
67
72
83
79
76
75
77
76
79
76
75
65
62
61
60
62
62
69
72
81
89
84
79
74
65
64
60
62
65
64
63
62
69
68
65
64
60
63
60
64
63
60
64
60
65
60
59

80
79
74
65
64
67
72
76
75
70
65
74
65
62
62
62
61
60
59

80
82
86

80
79
74
65
67
72
74
74
65
67
72
74
65
64
65
67
64
63
63
62
62
69
68
67
64
67
72
74
74
65
65
62
62
65
68
67
72
67
72
71
70
74
65
67
64
67
64
60
59

80
67
64
67
64
65
67
64
68
67
72
76
75
74
74
74
65
67
72
83
79
76
75
77
67
64
67
64
60
62
61
65
64
63
65
64
63
65
65
69
72
67
72
74
65
60
59

80
84
83
84
84
77
79
74
74
65
67
72
76
75
65
64
60
60
59

80
79
76
75
74
65
64
67
64
75
81
80
79
76
75
65
64
67
72
67
72
83
82
84
79
74
74
74
65
63
62
61
60
59

80
79
74
74
65
69
77
74
65
67
72
83
79
76
75
72
71
67
72
76
75
65
72
67
64
67
64
67
64
67
72
81
64
63
65
60
64
63
64
63
62
65
64
67
72
71
70
65
67
64
63
59

80
76
79
74
74
74
74
74
65
64
63
60
65
69
65
64
65
64
67
64
63
60
62
61
60
59

